version: 1
creator: callgrind-3.10.1
pid: 31386
cmd:  time ./um ../umbin/midmark.um
part: 1


desc: I1 cache: 
desc: D1 cache: 
desc: LL cache: 

desc: Timerange: Basic block 0 - 37109
desc: Trigger: Program termination

positions: line
events: Ir
summary: 181774


ob=(3) /lib64/libc-2.12.so
fl=(71) /usr/src/debug/glibc-2.12-2-gc4ccff1/signal/../sysdeps/unix/sysv/linux/x86_64/sigaction.c
fn=(358) __libc_sigaction
50 4
+4 4
-4 4
+4 4
+2 8
+1 128
+1 16
+2 8
+7 16
-2 8
+2 32
+1 16
+2 8
+1 128
+1 8
+1 8
+3 8

fl=(91) /usr/src/debug/glibc-2.12-2-gc4ccff1/stdlib/cxa_finalize.c
fn=(598) __cxa_finalize
31 2
+18 1
-18 1
+18 1
-18 5
+4 4
+4 6
-4 3
+32 4
+4 6
-4 3
+12 2
+3 1
-2 1
+2 6
-2 1
cfi=(92) /usr/src/debug/glibc-2.12-2-gc4ccff1/nptl/../nptl/sysdeps/unix/sysv/linux/unregister-atfork.c
cfn=(600) __unregister_atfork
calls=1 -43 
* 8

fl=(49) /usr/src/debug/glibc-2.12-2-gc4ccff1/elf/soinit.c
fn=(220) __libc_global_ctors
19 1
+7 1
-7 5
+1 1
cfi=(50) /usr/src/debug/glibc-2.12-2-gc4ccff1/string/../sysdeps/x86_64/cacheinfo.c
cfn=(222) init_cacheinfo
calls=1 538 
* 1996
-1 3
+10 2

fn=(614) __libc_fini
19 1
+17 1
-17 2
+20 2

fl=(57) /usr/src/debug////////glibc-2.12-2-gc4ccff1/setjmp/../sysdeps/x86_64/bsd-_setjmp.S
fn=(280) _setjmp
34 1
+2 1
cfi=(58) /usr/src/debug////////glibc-2.12-2-gc4ccff1/setjmp/../sysdeps/x86_64/setjmp.S
cfn=(282) __sigsetjmp
calls=1 -10 
* 27

fl=(72) /usr/src/debug/glibc-2.12-2-gc4ccff1/posix/../sysdeps/unix/bsd/bsd4.4/wait3.c
fn=(370) wait3
34 5
cfi=(73) /usr/src/debug////////glibc-2.12-2-gc4ccff1/posix/../sysdeps/unix/syscall-template.S
cfn=(372) wait4
calls=1 +48 
* 6

fl=(58)
fn=(282)
26 1
+2 1
+1 2
+1 1
+4 1
+1 1
+1 1
+1 1
+1 1
+2 2
+2 1
+1 1
+2 2
+2 1
+9 1
cfi=(59) /usr/src/debug/glibc-2.12-2-gc4ccff1/setjmp/sigjmp.c
cfn=(284) __sigjmp_save
calls=1 -26 
* 9

fl=(66) /usr/src/debug/glibc-2.12-2-gc4ccff1/posix/../nptl/sysdeps/unix/sysv/linux/fork.c
fn=(336) fork
55 7
+11 3
+52 1
cfi=(67) /usr/src/debug/glibc-2.12-2-gc4ccff1/libio/genops.c
cfn=(338) _IO_list_lock
calls=1 1299 
* 12
+9 1
+1 3
+3 9
+7 1
-7 1
+7 1
+97 8
-20 1
+3 1
cfi=(67)
cfn=(340) _IO_list_unlock
calls=1 1308 
* 11
+3 2
66 2

fl=(80) /usr/src/debug/glibc-2.12-2-gc4ccff1/libio/fileops.c
fn=(434) _IO_file_write@@GLIBC_2.2.5
1261 112
+2 112
-2 672
+2 112
-2 112
+2 224
+11 112
-11 224
+2 224
+3 448
cfi=(81) /usr/src/debug////////glibc-2.12-2-gc4ccff1/io/../sysdeps/unix/syscall-template.S
cfn=(436) write
calls=112 82 
* 784
+1 224
+9 336
+3 672
-6 336

fn=(426) _IO_file_overflow@@GLIBC_2.2.5
829 560
+1 112
-1 112
+1 224
+7 668
+35 224
+3 200
+3 100
+1 100
-1 200
+1 200
+5 100
+1 500
-45 2
+12 3
+9 2
+4 1
+4 1
-1 1
-5 1
+1 1
+4 1
-3 1
+1 1
+3 1
-3 2
+3 3
+1 3
+3 12
+12 36
-12 12
+12 12
-12 12
cfn=(432) _IO_do_write@@GLIBC_2.2.5
calls=12 493 
* 204
+9 100
-1 300
cfn=(432)
calls=100 493 
* 9100
* 200
-39 2
cfi=(67)
cfn=(428) _IO_doallocbuf
calls=1 419 
* 32
+1 6

fn=(432)
493 672
+1 112
-1 224
+1 224
+2 672
+11 300
+7 400
+8 500
cfn=(434)
calls=100 1261 
* 4200
+1 100
-1 100
+1 200
+5 100
-2 100
+2 100
-2 300
+1 200
+1 100
-34 100
+34 100
-34 100
+29 200
+5 200

fn=(424) _IO_file_xsputn@@GLIBC_2.2.5
1288 24
+6 12
-6 72
+6 12
-6 24
+6 12
+7 12
-12 12
+12 36
+17 60
+32 48
cfn=(426)
calls=12 829 
* 552
* 24
+7 24
+1 36
+2 36
+11 24
+3 24
+1 96
507 36
+15 60
cfn=(434)
calls=12 1261 
* 504
* 12
+1 36
+5 12
-2 12
+2 12
-2 36
+1 24
+1 12
1363 12
+1 12
528 12
1364 12
514 48
+9 24
+5 24

fn=(552) _IO_file_sync@@GLIBC_2.2.5
891 1
+5 1
-5 1
+5 3
+2 1
+1 2
+17 2
+4 2

fl=(83) /usr/src/debug/glibc-2.12-2-gc4ccff1/libio/ferror.c
fn=(452) ferror
37 112
-3 112
+3 1680
+1 448
+1 1344
+2 224

fl=(89) /usr/src/debug/glibc-2.12-2-gc4ccff1/stdlib/exit.c
fn=(568) exit
99 5
-57 3
+36 3
-32 1
+32 1
-32 1
+32 3
-32 1
+32 1
-32 1
+3 2
+1 5
+33 1
+1 1
-1 1
+1 1
+7 6
cfi=(67)
cfn=(616) _IO_cleanup
calls=1 1007 
* 130
* 3
+2 2
cfi=(93) /usr/src/debug/glibc-2.12-2-gc4ccff1/posix/../sysdeps/unix/sysv/linux/_exit.c
cfn=(620) _Exit
calls=1 -64 
* 5
-19 1
+4 1
-4 2
+4 1
-2 2
+2 1
cob=(1) /lib64/ld-2.12.so
cfi=(90) /usr/src/debug/glibc-2.12-2-gc4ccff1/elf/dl-fini.c
cfn=(570) _dl_fini
calls=1 +55 
* 1724
* 1

fl=(44) /usr/src/debug/glibc-2.12-2-gc4ccff1/csu/../sysdeps/unix/sysv/linux/init-first.c
fn=(210) _init
52 6
+6 1
-6 2
+6 2
+17 1
fi=(46) /usr/src/debug/glibc-2.12-2-gc4ccff1/csu/../sysdeps/unix/sysv/linux/x86_64/init-first.c
-40 2
fe=(44)
+38 1
+1 1
fi=(46)
-41 2
fe=(44)
+42 1
fi=(46)
-42 3
+2 1
cfi=(45) /usr/src/debug/glibc-2.12-2-gc4ccff1/elf/../sysdeps/unix/sysv/linux/dl-vdso.c
cfn=(212) _dl_vdso_vsym
calls=1 -8 
* 8
+8 1
-5 2
+5 1
-5 1
+2 2
+1 1
+2 1
cfi=(45)
cfn=(212)
calls=1 -16 
* 8
fe=(44)
+46 3
fi=(46)
-45 2
+1 1
fe=(44)
+44 1
cfi=(47) /usr/src/debug/glibc-2.12-2-gc4ccff1/misc/init-misc.c
cfn=(216) __init_misc
calls=1 -58 
* 57
+8 1
cfi=(49)
cfn=(220)
calls=1 -78 
* 2009
+2 6
-32 1
-9 1
+9 4

fl=(47)
fn=(216)
31 3
+1 1
-1 1
+1 4
+2 3
cfi=(48) /usr/src/debug////////glibc-2.12-2-gc4ccff1/string/../sysdeps/x86_64/strrchr.S
cfn=(218) __GI_strrchr
calls=1 -8 
* 33
+1 2
+4 3
+2 4
-5 3

fl=(76) /usr/src/debug////////glibc-2.12-2-gc4ccff1/string/../sysdeps/x86_64/strchrnul.S
fn=(412) strchrnul
27 29
+1 29
+1 29
+1 29
+1 29
+1 29
+1 29
+1 29
+1 29
+1 29
+1 29
+1 29
+1 29
+1 29
+1 29
+1 29
+1 29
+1 29
+1 29
+1 29
+12 29
+1 29
+1 29

fl=(45)
fn=(212)
27 2
+1 4
+4 4
+14 2
+4 4

fl=(93)
fn=(620)
29 2
+4 1
+2 2

fl=(63) /usr/src/debug/glibc-2.12-2-gc4ccff1/posix/getopt.c
fn=(306) _getopt_internal
1125 2
+3 3
+1 3
+2 5
cfn=(308) _getopt_internal_r
calls=1 396 
* 491
+4 1
+1 1
-1 1
+1 2
+1 3
+3 3

fn=(308)
396 8
+3 1
-3 6
+1 2
+2 1
+5 1
-2 1
+2 2
284 1
-4 2
+2 1
+2 1
cfi=(60) /usr/src/debug/glibc-2.12-2-gc4ccff1/stdlib/getenv.c
cfn=(292) getenv
calls=1 36 
* 403
* 1
+4 1
-4 4
+4 3
+5 2
410 2
+4 1
+15 1
-15 2
+15 1
-15 1
+15 1
+6 4
+2 3
+3 1
-3 1
+3 1
+24 8
+29 2
-89 3
1119 9
-5 2
296 1
-1 3
495 3

fl=(70) /usr/src/debug/glibc-2.12-2-gc4ccff1/signal/../nptl/sigaction.c
fn=(356) sigaction
38 12
+6 4
cfi=(71)
cfn=(358)
calls=4 +6 
* 408

fl=(74) /usr/src/debug/glibc-2.12-2-gc4ccff1/debug/fprintf_chk.c
fn=(406) __fprintf_chk
28 180
+4 180
+1 24
+1 12
+2 24
+1 24
-1 60
+1 12
cfi=(75) /usr/src/debug/glibc-2.12-2-gc4ccff1/stdio-common/vfprintf.c
cfn=(408) vfprintf
calls=12 201 
* 11038
+3 12
-3 12
+3 12
+1 36
fi=(82) /usr/src/debug/glibc-2.12-2-gc4ccff1/debug/../libio/libioP.h
977 12
+1 12
-1 12
+1 12
+1 132
fe=(74)
45 60

fl=(87) /usr/src/debug/glibc-2.12-2-gc4ccff1/misc/../sysdeps/unix/sysv/linux/getpagesize.c
fn=(500) getpagesize
35 5
+16 1

fl=(86) /usr/src/debug/glibc-2.12-2-gc4ccff1/libio/iopadn.c
fn=(474) _IO_padn
41 2
+7 2
-7 10
+7 4
+2 6
+8 10
+8 4
+2 10
cfi=(67)
cfn=(414) _IO_default_xsputn
calls=2 452 
* 100
+4 2
-3 2
+3 12

fl=(84) /usr/src/debug/glibc-2.12-2-gc4ccff1/libio/putc.c
fn=(466) putc
29 100
+3 100
-3 200
+3 1400
+1 300
fi=(85) /usr/src/debug/glibc-2.12-2-gc4ccff1/libio/libioP.h
968 200
+1 1100
fe=(84)
36 300
-3 300
cfi=(67)
cfn=(468) __overflow
calls=100 246 
* 13400
* 200

fl=(51) /usr/src/debug/glibc-2.12-2-gc4ccff1/stdlib/bsearch.c
fn=(228) bsearch
27 104
+7 162
+2 54
+2 54
-2 54
+1 216
+1 108
cfi=(50)
cfn=(230) intel_02_known_compare
calls=54 152 
* 378
+1 108
+2 8
+1 8
-8 24
+14 72

fl=(55) /usr/src/debug/glibc-2.12-2-gc4ccff1/csu/libc-start.c
fn=(248) (below main)
96 7
+10 1
-10 3
+10 3
+52 1
-52 1
+52 1
+1 4
cfi=(56) /usr/src/debug/glibc-2.12-2-gc4ccff1/stdlib/cxa_atexit.c
cfn=(250) __cxa_atexit
calls=1 57 
* 60
+22 4
+3 2
+1 5
cob=(5) /usr/bin/time
cfi=(52) ???
cfn=(254) 0x0000000000401ce0
calls=1 0 
* 54
+4 4
+15 2
+9 2
cfi=(57)
cfn=(280)
calls=1 34 
* 29
+1 2
+5 2
+1 2
+3 2
+3 5
cob=(5)
cfi=(52)
cfn=(286) 0x0000000000400dc0
calls=1 0 
* 52960
106 2

fl=(60)
fn=(292)
36 16
+1 2
cfi=(61) /usr/src/debug////////glibc-2.12-2-gc4ccff1/string/../sysdeps/x86_64/strlen.S
cfn=(294) __GI_strlen
calls=2 -11 
* 28
* 2
+4 8
+40 2
+16 16
-56 4
+3 4
+37 2
-8 2
+6 2
-1 2
+3 6
+9 236
-9 474

fl=(75)
fn=(410) buffered_vfprintf
2293 72
+8 36
+20 12
-10 12
-6 12
+6 48
+1 12
+9 12
+1 12
-8 12
+5 12
+3 12
+4 12
cfn=(409) vfprintf'2
calls=12 201 
* 7703
+6 12
-6 12
+6 60
+1 84
+12 60
+2 48
cfi=(80)
cfn=(424)
calls=12 1288 
* 2040
* 36
+6 96
+1 24
-53 24
+56 84

fn=(408)
201 120
+35 12
-35 12
+35 24
1283 37
+4 60
+11 24
-15 22
2072 96
1301 48
cfn=(410)
calls=12 2293 
* 10559
* 24

fn=(409)
201 120
+35 12
-35 12
+35 24
1283 36
+4 60
+11 24
+11 12
fi=(78) /usr/src/debug/glibc-2.12-2-gc4ccff1/stdio-common/printf-parse.h
109 24
fe=(75)
1309 60
fi=(78)
109 12
cfi=(76)
cfn=(412)
calls=12 -82 
* 276
fe=(75)
1324 12
fi=(78)
109 12
fe=(75)
1324 24
+4 48
2047 12
1328 48
cfi=(67)
cfn=(414)
calls=12 452 
* 216
* 36
2065 24
cfi=(79) /usr/src/debug/glibc-2.12-2-gc4ccff1/malloc/malloc.c
cfn=(422) free
calls=12 3694 
* 84
* 12
+1 24
cfi=(79)
cfn=(422)
calls=12 3694 
* 84
* 12
+2 24
+1 36
1283 24
2072 96
1328 36
+4 12
-4 12
+4 48
2020 12
1876 12
1332 72
2017 24
+3 12
+64 12
1332 12
2017 12
1332 36
1876 12
2084 12
-67 24
1378 306
2020 17
1378 255
2020 17
1378 17
1660 34
+8 17
fi=(78)
109 51
cfi=(76)
cfn=(412)
calls=17 -82 
* 391
* 17
fe=(75)
1672 153
cfi=(67)
cfn=(414)
calls=17 452 
* 434
* 187
+2 34
-16 10
-18 876
cfi=(86)
cfn=(474)
calls=2 41 
* 164
* 28
cfi=(67)
cfn=(414)
calls=2 452 
* 100
* 112
cfi=(67)
cfn=(414)
calls=14 452 
* 760
* 243
2063 24
fi=(78)
74 4
+12 4
-12 4
+15 8
fe=(75)
1499 4
fi=(78)
76 4
fe=(75)
1499 4
+8 8
+18 8
+3 52
1378 4
+25 16
+2 4
-2 4
+2 60
-27 4
1613 288
1378 16
fi=(78)
76 28
fe=(75)
1640 160
cfi=(77) /usr/src/debug/glibc-2.12-2-gc4ccff1/stdio-common/_itoa.c
cfn=(416) _itoa_word
calls=16 176 
* 472
* 240
1890 24
1640 176

fl=(61)
fn=(294)
26 2
+1 2
+1 2
+1 2
+1 2
+1 2
+1 2
+1 2
+1 2
+1 2
+1 2
+44 2
+1 2
+1 2

fl=(79)
fn=(422)
3694 48
+1 48
+5 48
3579 24

fl=(73)
fn=(372)
82 5
+1 1

fl=(68) /usr/src/debug/glibc-2.12-2-gc4ccff1/signal/../sysdeps/posix/signal.c
fn=(352) signal
34 4
+4 4
-4 4
+4 20
+6 4
+1 88
fi=(69) /usr/src/debug/glibc-2.12-2-gc4ccff1/signal/../sysdeps/unix/sysv/linux/bits/sigset.h
+74 8
fe=(68)
-70 4
fi=(69)
+70 8
-1 8
+1 4
fe=(68)
-71 16
+1 8
cfi=(70)
cfn=(356)
calls=4 -11 
* 424
* 12
+3 4
+1 8

fl=(41) /usr/src/debug/glibc-2.12-2-gc4ccff1/csu/../sysdeps/x86_64/multiarch/init-arch.c
fn=(166) __init_cpu_features
53 1
-8 1
+8 1
+3 1
-3 1
+3 3
+70 1
+1 1
+2 1
+1 2
-74 2
+9 1
-33 3
+6 1
-6 1
+6 1
-6 1
+7 1
+30 1
-30 1
-7 1
+37 1
-31 1
+27 2
-26 1
+30 1
+1 1
-38 1
+32 1
+6 1
+5 2
+3 1
+1 2
+11 2
+12 4
-23 9

fl=(40) /usr/src/debug////////glibc-2.12-2-gc4ccff1/string/../sysdeps/x86_64/multiarch/strcmp.S
fn=(168) strncasecmp
124 1
+1 1
+3 1
+1 1
+1 1
+5 1

fn=(164) strcasecmp
106 1
+1 1
+1 1
cfi=(41)
cfn=(166)
calls=1 -55 
* 57
+2 1
+1 1
+1 1
+5 1

fl=(64) /usr/src/debug////////glibc-2.12-2-gc4ccff1/time/../sysdeps/unix/sysv/linux/x86_64/gettimeofday.S
fn=(326) gettimeofday
29 2
+3 2
+1 4
+4 2
cob=(6) /usr/sup/valgrind-3.10.1/lib/valgrind/callgrind-amd64-linux
cfi=(65) /tmp/valgrind-3.10.1/coregrind/m_trampoline.S
cfn=(328) vgPlain_amd64_linux_REDIR_FOR_vgettimeofday
calls=2 176 
* 6
+2 2
+1 2
+3 2
+2 2

fl=(67)
fn=(338)
1299 11
+2 1

fn=(414)
452 47
+3 94
-3 141
+1 47
-1 141
+1 47
+2 69
+5 88
+2 66
+3 44
+10 44
+4 88
+2 22
+2 22
+2 44
+4 44
+1 282
-42 66
+32 88
-1 44
+1 40
-1 42

fn=(428)
419 1
+1 1
-1 1
+1 1
+2 5
+3 3
+1 1
-1 2
cfn=(430) _IO_setb
calls=1 -21 
* 17

fn=(616)
1007 1
+3 1
-3 4
+3 1
cfn=(618) _IO_flush_all_lockp
calls=1 823 
* 77
-59 1
+59 1
-59 2
+11 2
-9 12
+1 2
-1 7
+34 3
-36 9
+71 7

fn=(430)
404 4
+1 1
-1 1
+1 2
+4 1
-2 1
+1 1
+1 1
+3 1
+1 4

fn=(618)
823 2
+6 1
-6 6
+6 2
+6 1
-1 1
+2 2
-2 1
+2 3
+33 2
+4 9
-37 8
+6 2
-4 2
+4 5
-4 1
+4 2
+14 3
-2 3
+2 3
+7 6
-21 12

fn=(340)
1308 11

fn=(468)
246 300
+2 300
cfi=(80)
cfn=(426)
calls=100 829 
* 12800

fl=(62) /usr/src/debug/glibc-2.12-2-gc4ccff1/posix/getopt1.c
fn=(304) getopt_long
65 1
+1 3
cfi=(63)
cfn=(306)
calls=1 1125 
* 515
+1 2

fl=(81)
fn=(436)
82 224
cfn=(438) __write_nocancel
calls=112 * 
* 560

fn=(438)
82 560

fl=(48)
fn=(218)
26 1
+1 1
+1 1
+1 1
+1 1
+1 1
+1 1
+1 1
+1 1
+1 1
+1 1
+1 1
+1 1
+1 1
+1 1
+1 1
+1 1
+1 1
+1 1
+1 1
+1 1
+1 1
+1 1
+13 1
+1 1
+1 1
+1 1
+7 1
+1 1
+1 1
+1 1
+1 1
+2 1

fl=(77)
fn=(416)
176 64
+10 32
+9 344
+9 32

fl=(92)
fn=(600)
37 1
-8 3
+11 2
+82 2

fl=(50)
fn=(224) handle_intel
307 4
+9 2
-9 16
+8 2
+1 4
+8 4
+5 2
-5 4
+5 2
+7 10
cfn=(226) intel_check_word
calls=2 163 
* 1564
+1 4
+3 10
cfn=(226)
calls=2 163 
* 194
+1 4
-10 2
+1 2
-1 4
+27 16

fn=(226)
163 44
+1 8
+8 4
-2 32
+14 20
+53 16
+36 40
-1 8
+1 8
cfi=(51)
cfn=(228)
calls=8 27 
* 1350
+2 16
+22 8
172 16
+2 10
+2 20
-4 2
302 32
196 10
+5 15
-5 2
+11 10
+23 3
-34 15
+5 6
+4 8
+2 10
+8 2
+2 4
+2 28
-12 3
-6 1
-5 1
+9 2
+2 4

fn=(222)
538 4
+13 3
+7 2
747 5
560 3
cfn=(224)
calls=1 307 
* 900
+4 2
-4 1
+4 1
cfn=(224)
calls=1 307 
* 950
+2 1
-2 1
+2 2
+29 1
-18 1
+18 3
+7 6
+6 2
-6 12
+6 6
+3 20
+2 1
+6 6
+7 1
-7 1
+38 2
+75 2
+3 2
+1 1
+1 1
-1 2
+4 2
+3 2
+1 1
+1 1
-1 3
-86 7
-1 3
-31 8
+2 2
+2 8
+2 4
+5 1
+2 2
+1 1
-1 1
+1 4
+1 1

fn=(230)
152 216
+3 108
+1 54

fl=(56)
fn=(252) __new_exitfn
73 1
+6 1
-6 1
+6 5
+2 5
+2 3
-2 1
+10 1
-10 3
+45 1
+1 1
+3 4
+3 3
-35 2
+14 1
+1 2

fn=(250)
57 2
-22 1
+22 5
-22 1
cfn=(252)
calls=1 +38 
* 35
+2 3
+4 2
+3 1
-1 1
+2 1
+2 2
+12 6

fl=(59)
fn=(284)
30 1
-1 2
+1 2
+5 1
-5 1
+5 2

fl=(88) /usr/src/debug/glibc-2.12-2-gc4ccff1/libio/iofflush.c
fn=(550) fflush
36 1
-1 2
+1 1
+6 15
+1 3
cfi=(80)
cfn=(552)
calls=1 891 
* 13
* 2
fi=(85)
968 1
fe=(88)
43 1
fi=(85)
968 1
+1 11
fe=(88)
47 3

ob=(1)
fl=(10) /usr/src/debug/glibc-2.12-2-gc4ccff1/elf/dl-environ.c
fn=(22) _dl_next_ld_env_entry
31 3
+3 11
+2 118
+11 57
-13 172
+17 1
-15 20
+6 2
-3 2
+3 2
+2 2

fl=(6) /usr/src/debug/glibc-2.12-2-gc4ccff1/elf/../sysdeps/unix/sysv/linux/x86_64/brk.c
fn=(10) brk
29 1
+3 4
+2 2
-2 1
+2 1
+7 2

fl=(32) /usr/src/debug////////glibc-2.12-2-gc4ccff1/string/../sysdeps/x86_64/strcpy.S
fn=(124) strcpy
32 1
+1 1
+1 1
+2 1
+2 1
+1 1
+3 1
+1 1
+1 1
+1 1
-3 3
+1 3
+1 3
+1 3
+1 4
+1 4
+1 4
+1 4
+3 1
+8 1
+1 1
+1 1
+1 1
+3 1
+1 1
+1 1
+1 1
+3 1
+2 1
+1 1
+3 1
+1 1
+1 1
+1 1
+3 1
+1 1
+1 1
+1 1
+3 1
+48 3
+1 3
+1 3
+1 2
+1 2
+1 2
+1 2
+1 2
+1 2
+1 2
+6 1
+2 1

fl=(19) /usr/src/debug////////glibc-2.12-2-gc4ccff1/string/../sysdeps/x86_64/strchr.S
fn=(60) index
26 6
+1 6
+1 6
+1 6
+1 6
+1 6
+1 6
+1 6
+1 6
+1 6
+1 6
+1 6
+1 6
+1 6
+1 6
+1 6
+1 6
+1 6
+1 6
+1 6
+1 6
+2 8
+1 8
+1 8
+1 8
+1 8
+1 8
+1 8
+1 8
+1 8
+2 6
+1 6
+1 1
+1 1
+1 1
+1 1
+1 5
+1 6

fl=(25) /usr/src/debug////////glibc-2.12-2-gc4ccff1/io/../sysdeps/unix/syscall-template.S
fn=(90) open
82 44
+1 11
+1 48

fn=(92) read
82 8
+1 2

fn=(108) access
82 4
+1 1
+1 6

fn=(106) close
82 12
+1 3

fl=(30) /usr/src/debug/glibc-2.12-2-gc4ccff1/io/../sysdeps/unix/sysv/linux/wordsize-64/xstat.c
fn=(116) _xstat
37 8
-1 8
+1 8
+1 48
+4 2
-4 24

fl=(4) /usr/src/debug/glibc-2.12-2-gc4ccff1/elf/dl-lookup.c
fn=(158) do_lookup_x
83 999
+1 111
-6 111
+5 333
-5 999
+12 111
231 111
+3 111
+39 111
-42 111
+3 111
99 111
-3 111
+1 111
+2 111
+3 111
-3 111
+3 111
-3 221
-3 221
+1 221
+2 221
+3 221
-3 221
+3 221
+4 688
+4 656
+4 656
+7 984
+4 328
+1 328
227 328
125 656
+1 656
227 328
+1 656
+4 224
+3 224
-3 448
+3 672
+1 224
+3 448
-1 448
+1 224
-1 448
+21 119
+24 446
470 669
+1 195
-1 540
+4 687
+4 888
288 764
+4 267
+13 105
+1 105
-1 105
+1 315
+1 105
471 225
cfi=(24) /usr/src/debug/glibc-2.12-2-gc4ccff1/elf/dl-misc.c
cfn=(84) _dl_name_match_p
calls=45 301 
* 1790
-1 225
263 416
+6 1040
+4 3568
cfn=(162) check_match.12445
calls=446 133 
* 16392
+1 2230
-3 2230
-2 1516
-27 666
+1 222
+2 777
+10 312
-7 1055
+2 210
+1 105
-1 105
+1 420
-1 315
+1 420
cfn=(162)
calls=105 133 
* 17083
+1 1074
fi=(39) /usr/src/debug/glibc-2.12-2-gc4ccff1/elf/../sysdeps/generic/dl-hash.h
30 104
+2 416
+3 104
-1 104
+1 312
+2 312
+1 416
+2 312
+1 416
+2 312
+1 416
+2 380
+1 2622
+3 3116
+1 1558
+13 779
+1 2337
-18 95
fe=(4)
264 208

fn=(156) _dl_lookup_symbol_x
724 333
485 111
724 666
485 111
724 555
485 555
+1 222
-1 111
+1 333
-1 333
+1 2520
-1 1260
+1 3780
-1 4002
730 111
+9 111
-13 222
+1 222
+12 444
+6 999
+8 12
-8 30
+2 1665
cfn=(158)
calls=111 83 
* 87192
+3 222
-5 111
+33 222
+23 315
+1 210
-1 420
+39 210
-3 210
+14 315
+3 315
1023 105
859 105
+1 105
+1 888
-81 42
+17 12
+1 6
+54 2

fn=(6) _dl_setup_hash
873 12
+5 3
+3 6
+2 3
-1 3
+4 3
+4 6
-4 3
+1 6
+2 3
+1 3
+2 3
+2 9
-7 3
+7 6
+1 3
+3 3
+2 1
+2 1
+1 1
+1 1
+2 1
-4 1
+4 2

fn=(162)
133 3306
+1 1102
+2 1102
+2 1038
-2 692
+12 1038
+3 692
+5 105
-1 105
+1 105
-1 105
+1 105
+2 206
+19 206
+1 515
+1 103
-1 206
+1 300
cfi=(15) /usr/src/debug////////glibc-2.12-2-gc4ccff1/string/../sysdeps/x86_64/strcmp.S
cfn=(46) strcmp
calls=100 -44 
* 8628
-1 200
+46 3857
-73 1390
cfi=(15)
cfn=(46)
calls=278 -16 
* 5492
* 834
+64 482
-37 21
+28 4
+2 4
+1 4
-1 16
-72 1102
+79 410

fl=(33) /usr/src/debug/glibc-2.12-2-gc4ccff1/string/strdup.c
fn=(126) strdup
41 4
+1 1
cfi=(8) /usr/src/debug////////glibc-2.12-2-gc4ccff1/string/../sysdeps/x86_64/rtld-strlen.S
cfn=(14) strlen
calls=1 -13 
* 34
* 1
+1 2
cfi=(13) /usr/src/debug/glibc-2.12-2-gc4ccff1/elf/dl-minimal.c
cfn=(32) malloc
calls=1 +52 
* 29
* 1
+2 2
+3 2
+1 2
-1 1
+1 1
-1 1
cfi=(14) /usr/src/debug////////glibc-2.12-2-gc4ccff1/string/../sysdeps/x86_64/memcpy.S
cfn=(38) memcpy
calls=1 +8 
* 27

fl=(53) /usr/src/debug////////glibc-2.12-2-gc4ccff1/elf/../sysdeps/x86_64/dl-trampoline.S
fn=(242) _dl_runtime_resolve
30 14
+2 14
+1 14
+1 14
+1 14
+1 14
+1 14
+1 14
+1 14
+1 14
+1 14
cfi=(54) /usr/src/debug/glibc-2.12-2-gc4ccff1/elf/../elf/dl-runtime.c
cfn=(244) _dl_fixup
calls=14 +32 
* 15888
+1 14
+1 14
+1 14
+1 14
+1 14
+1 14
+1 14
+1 14
+1 14
+2 14

fl=(14)
fn=(58) mempcpy
56 25
+4 25
+3 25
+1 25
+2 10
+1 10
+2 10
+1 10
+5 10
+1 10
-1 15
+1 15
+2 16
+1 16
+2 16
+1 16
+5 16
+1 16
-1 9
+1 9
+2 10
+1 10
+2 10
+1 10
+5 10
+1 10
-1 15
+1 15
+2 14
+1 14
+2 14
+1 28
+5 14
+1 14
-1 11
+1 13
+5 2
+1 2
+1 2
+1 2
+2 2
+2 2
+1 2
+2 2
+6 25
+4 25
+12 1
+2 1
+1 1
+26 1
+1 1
+3 1
+1 1
+1 1
+5 1
+2 1
+1 1
+1 1
+1 1
+2 1
+1 1
+1 1
+1 1
+2 1
+1 1
+2 1
+2 1
+2 1
+1 1
+1 1
+1 1
+2 1
+1 1
+1 1
+1 1
+2 1
+1 1
+2 2
+5 1
+2 1

fn=(38)
56 16
+2 16
+2 16
+3 15
+1 15
+2 2
+1 2
+2 2
+1 2
+5 2
+1 2
-1 13
+1 13
+2 2
+1 2
+2 2
+1 4
+5 2
+1 2
-1 13
+1 13
+2 4
+1 4
+2 4
+1 4
+5 4
+1 4
-1 11
+1 11
+2 7
+1 7
+2 7
+1 7
+5 7
+1 7
-1 8
+1 12
+5 4
+1 4
+1 4
+1 4
+2 4
+2 4
+1 4
+2 4
+8 15
+8 4
+6 4
+2 4
+1 4
+3 1
+1 2
+5 1
+1 1
+2 1
+2 1
+1 1
+2 1
-8 1
+1 1
+2 1
+2 1
+1 1
+2 2
+9 1
+1 1
-1 3
+1 3
+3 4
+1 4
+1 4
+5 4
+2 4
+1 4
+1 4
+1 4
+2 4
+1 4
+1 4
+1 4
+2 4
+1 4
+2 4
+2 3
+2 3
+1 3
+1 3
+1 3
+2 3
+1 3
+1 3
+1 3
+2 3
+1 3
+2 6
+5 3
+6 3
+1 3
-7 1
+6 1
+1 1
+2 1

fl=(31) /usr/src/debug/glibc-2.12-2-gc4ccff1/elf/dl-cache.c
fn=(122) _dl_cache_libcmp
170 33
-29 22
+2 33
+20 33
+2 22
+4 11
+1 22
cfn=(123) _dl_cache_libcmp'2
calls=11 * 
* 777

fn=(123)
170 138
-29 96
+2 138
+2 6
+6 4
+1 2
-1 2
+2 2
-1 4
+1 6
+2 8
+2 4
+6 132
+2 88
+4 35
+1 70
cfn=(123)
calls=35 * 
* 1717
+3 4
+1 2
-8 36

fn=(118) _dl_load_cache_lookup
186 9
+8 2
+3 3
+45 2
+6 3
+16 3
+12 1
-20 1
+8 1
+12 1
-12 1
+12 2
-20 1
+20 3
-20 1
+20 173
cfn=(122)
calls=9 170 
* 712
* 47
-76 4
cfi=(24)
cfn=(120) _dl_sysdep_read_whole_file
calls=1 44 
* 68
+8 2
+1 1
-1 2
+1 3
-1 13
+8 1
-3 1
+3 3
+3 1
+1 2
-1 1
+1 1
+2 2
-2 22
+56 28
cfn=(122)
calls=1 170 
* 81
* 6
cfn=(122)
calls=1 170 
* 160
* 39
+16 4
+4 2
+8 2
cfi=(8)
cfn=(14)
calls=1 29 
* 64
* 1
+1 1
-1 4
+1 2
cfi=(32)
cfn=(124)
calls=1 32 
* 84
+1 2
cfi=(33)
cfn=(126)
calls=1 41 
* 108
+1 8

fn=(178) _dl_unload_cache
316 1
+1 4
+2 2
cfi=(27) /usr/src/debug////////glibc-2.12-2-gc4ccff1/misc/../sysdeps/unix/syscall-template.S
cfn=(180) munmap
calls=1 82 
* 5
+1 1
+2 2

fl=(34) /usr/src/debug/glibc-2.12-2-gc4ccff1/string/../string/memcmp.c
fn=(128) bcmp
322 1
+7 1
-7 5
+7 1
+34 2
+6 2
+1 2
-3 2
+2 28
+1 14
-3 7
-4 17
+13 7

fl=(9) /usr/src/debug/glibc-2.12-2-gc4ccff1/elf/../misc/sbrk.c
fn=(16) sbrk
35 3
+8 1
-8 1
+8 5
+4 2
+11 5

fl=(26) /usr/src/debug/glibc-2.12-2-gc4ccff1/io/../sysdeps/unix/sysv/linux/wordsize-64/fxstat.c
fn=(96) _fxstat
37 3
-1 3
+1 3
+1 18
+4 3

fl=(15)
fn=(46)
135 507
+1 507
+1 507
+1 282
+1 282
+1 282
+1 282
cfn=(47) strcmp'2
calls=282 -6 
* 12209
+5 225
+1 225
+1 225
+1 225

fn=(47)
135 1703
+1 1703
+1 1703
+1 1565
+1 1565
+1 1565
+1 1565
cfn=(47)
calls=1421 -6 
* 60023
+2 144
+1 144
+2 138
+1 138
+1 138
+1 138

fl=(5) /usr/src/debug/glibc-2.12-2-gc4ccff1/elf/../elf/dl-sysdep.c
fn=(176) _dl_sysdep_start_cleanup
252 1

fn=(8) _dl_sysdep_start
89 8
+25 1
-1 1
+1 185
+3 1
-3 1
+6 2
-2 1
-1 1
+3 1
-6 1
+6 4
+1 1
-1 7
+1 105
+3 2
-4 49
fi=(16) /usr/src/debug/glibc-2.12-2-gc4ccff1/elf/../sysdeps/unix/sysv/linux/dl-sysdep.c
-84 2
cfi=(6)
cfn=(10)
calls=1 -7 
* 11
fi=(7) /usr/src/debug/glibc-2.12-2-gc4ccff1/elf/../sysdeps/x86_64/dl-machine.h
226 5
fe=(5)
+3 2
cfi=(9)
cfn=(16)
calls=1 35 
* 17
* 3
+12 3
+3 5
cfi=(2) /usr/src/debug/glibc-2.12-2-gc4ccff1/elf/rtld.c
cfn=(18) dl_main
calls=1 888 
* 123898
+2 9
-67 1
-59 4
+34 1
-34 4
+43 1
-43 4
+40 1
-40 4
+37 1
-37 5
+13 1
-13 4
+10 1
-10 4
+7 1
-7 4
227 1
cfi=(8)
cfn=(14)
calls=1 29 
* 39
* 2

fn=(56) _dl_important_hwcaps
354 6
+3 1
-3 2
+3 1
-1 1
+1 1
+9 1
-12 4
+12 1
+10 3
+75 2
+8 2
+2 1
+1 1
-1 2
+1 3
+11 1
-7 2
+1 1
-1 1
+7 1
+4 6
+1 2
+18 11
+1 3
cfi=(13)
cfn=(32)
calls=1 95 
* 29
* 1
+1 1
-1 1
+1 1
+4 2
+22 3
+3 1
-3 3
+3 1
+28 2
-7 1
+7 4
+1 1
-1 1
+1 1
-1 1
+1 1
-1 1
+1 3
-1 3
+1 3
-1 3
+1 3
-1 5
+5 2
-5 3
+5 3
+3 1
-3 1
+3 1
-3 3
+3 1
-3 1
+3 7
+2 16
-2 4
+1 12
-1 2
+1 12
-1 10
+4 4
+3 1
+2 2
-1 1
-1 2
+2 3
+13 11
+1 1
+2 2
-3 3
+1 1
+2 2
+3 3
+3 9
418 1
+3 1
-3 1
+3 8
529 5
cfi=(14)
cfn=(58)
calls=1 56 
* 22
* 1
+1 1
-1 1
+1 2
cfi=(14)
cfn=(58)
calls=1 56 
* 22
* 3

fl=(2)
fn=(134) version_check_doit
660 2
+3 4
cfi=(35) /usr/src/debug/glibc-2.12-2-gc4ccff1/elf/dl-version.c
cfn=(136) _dl_check_all_versions
calls=1 387 
* 2481
-1 2
+4 2

fn=(2) _dl_start
365 9
+18 4
fi=(7)
76 2
fe=(2)
383 1
+29 2
-3 1
fi=(3) /usr/src/debug/glibc-2.12-2-gc4ccff1/elf/dynamic-link.h
119 1
fe=(2)
412 1
fi=(3)
119 2
+3 1
+4 1
+5 1
+3 1
+1 1
-3 1
-5 2
-5 14
+15 14
-18 42
+18 3
-18 9
+2 44
+5 32
+1 15
+10 5
-18 16
+25 2
fe=(2)
547 1
288 68
+12 2
cfi=(4)
cfn=(6)
calls=1 873 
* 24
+1 1
+1 1
+1 1
-2 1
+3 1
-2 1
+1 1
+1 1
+21 1
+10 1
-10 3
+10 1
-6 1
-4 1
+10 1
cfi=(5)
cfn=(8)
calls=1 89 
* 124409
* 1
+9 1
+7 1
-4 1
+4 1
572 9
fi=(3)
128 12
+3 12
+1 8
+2 4
+1 4
fe=(2)
540 2

fn=(72) do_preload
802 6
+6 1
+1 1
+5 5
-10 1
+6 1
+2 1
+2 1
cfi=(22) /usr/src/debug/glibc-2.12-2-gc4ccff1/elf/dl-error.c
cfn=(74) _dl_catch_error
calls=1 160 
* 2232
+1 2
+2 3
+12 5

fn=(80) map_doit
628 2
+2 7
cfi=(18) /usr/src/debug/glibc-2.12-2-gc4ccff1/elf/dl-load.c
cfn=(82) _dl_map_object
calls=1 1984 
* 2163
* 1
+2 2

fn=(142) init_tls
782 1
-56 1
-4 1
-2 1
+2 1
+4 1
+60 3
-54 1
+3 4
cfi=(13)
cfn=(28) calloc
calls=1 111 
* 64
* 1
+14 1
-14 1
+7 1
+1 1
+6 3
+2 8
+4 1
+2 1
-2 2
-5 1
-1 2
+1 3
-1 6
+13 1
cfi=(21) /usr/src/debug/glibc-2.12-2-gc4ccff1/elf/dl-tls.c
cfn=(144) _dl_determine_tlsoffset
calls=1 134 
* 55
+7 1
cfi=(21)
cfn=(146) _dl_allocate_tls_storage
calls=1 350 
* 424
+1 1
-1 1
+1 1
+6 1
+4 1
-4 1
+4 6
+3 1
+2 1

fn=(18)
888 1
+19 1
-19 5
+22 1
-22 2
+32 1
-32 4
+27 1
-1 1
+6 1
+3 1
-16 1
+3 1
+4 1
+1 1
+8 1
cfn=(20) process_envvars
calls=1 2532 
* 618
+7 3
1109 5
+9 1
-9 2
cfi=(11) /usr/src/debug/glibc-2.12-2-gc4ccff1/elf/dl-object.c
cfn=(24) _dl_new_object
calls=1 62 
* 250
+4 1
-4 1
+3 1
+6 2
-5 1
+1 2
+4 1
cfi=(11)
cfn=(40) _dl_add_to_namespace_list
calls=1 33 
* 31
* 1
+30 1
-3 1
+3 1
-8 1
+1 1
+2 1
+5 5
+1 24
-1 24
+1 39
+91 2
+1 1
-88 3
+1 1
+49 2
+1 2
-1 8
+2 4
+1 2
+3 2
+1 2
-1 2
+1 2
+1 2
+1 6
+1 2
-43 1
-3 2
+3 1
+7 2
-10 1
+10 1
+68 2
-87 3
+1 1
+92 3
+3 2
+2 2
+2 3
+13 3
+1 6
cfi=(15)
cfn=(46)
calls=1 135 
* 7
-1 2
+12 2
-4 1
-2 1
+3 1
+3 1
+6 2
fi=(3)
104 1
+9 2
+6 1
-2 1
+2 2
+7 1
+5 1
+3 1
+1 1
-3 1
-5 2
-1 32
+1 9
+10 3
-18 9
+18 5
-18 15
+2 46
+8 15
+8 15
-18 45
+25 3
+67 3
+14 3
+7 2
fe=(2)
1294 2
cfi=(4)
cfn=(6)
calls=1 873 
* 24
+3 2
+20 4
+92 1
cfi=(16)
cfn=(50) _dl_discover_osversion
calls=1 67 
* 92
* 8
+5 2
cfi=(18)
cfn=(54) _dl_init_paths
calls=1 633 
* 1954
+3 3
cfi=(20) /usr/src/debug/glibc-2.12-2-gc4ccff1/elf/dl-debug.c
cfn=(66) _dl_debug_initialize
calls=1 52 
* 23
+7 1
-7 1
+2 1
+5 1
+4 1
+3 1
-2 1
+3 1
-2 1
-2 2
+9 1
-9 1
+1 1
+8 1
+5 1
+4 1
-3 2
+3 1
+4 1
-5 1
+5 2
+1 2
+1 1
-1 2
+1 3
+2 2
+1 2
+5 2
+5 4
1642 1
cfi=(21)
cfn=(68) _dl_count_modids
calls=1 112 
* 5
* 1
+8 3
+3 2
+4 3
+5 2
+1 1
cfi=(20)
cfn=(70) _dl_debug_state
calls=1 77 
* 1
+1 1
+4 3
+19 4
+31 3
cfi=(25)
cfn=(108)
calls=1 82 
* 11
* 2
+77 5
+17 1
+1 2
-1 1
+1 2
-1 1
+1 3
cfi=(29) /usr/src/debug/glibc-2.12-2-gc4ccff1/elf/dl-deps.c
cfn=(110) _dl_map_object_deps
calls=1 149 
* 7352
+1 1
+2 5
+3 1
-3 2
+3 1
-3 1
+3 1
-3 1
+3 1
+1 5
-1 2
+1 12
-1 7
+4 3
+1 3
+1 1
+2 2
+1 17
-1 6
fi=(3)
128 20
+3 20
+3 12
+1 12
fe=(2)
1828 2
+13 1
-1 2
+1 1
+2 4
+5 1
-5 1
+4 2
+12 1
+3 1
+1 1
-1 1
+1 3
+11 2
+2 3
-2 2
+1 4
+1 1
cfi=(22)
cfn=(132) _dl_receive_error
calls=1 198 
* 2521
+10 1
+1 1
-1 1
+1 1
+3 2
851 1
fi=(36) /usr/src/debug/glibc-2.12-2-gc4ccff1/elf/../sysdeps/unix/sysv/linux/dl-osinfo.h
70 2
+48 2
fe=(2)
853 1
+6 2
fi=(36)
127 2
+11 2
fe=(2)
864 1
+2 1
+6 1
1895 2
2121 7
+6 1
+8 1
-8 2
+3 1
+2 3
+4 2
+2 13
+2 2
+2 4
+4 5
+21 5
+3 2
+7 1
+10 1
-10 1
+4 4
+4 2
+2 1
+46 2
+7 1
-7 1
+7 1
+3 17
+3 3
+6 2
+2 2
-2 6
+2 6
+7 4
-2 4
+2 8
+1 21
cfi=(37) /usr/src/debug/glibc-2.12-2-gc4ccff1/elf/dl-reloc.c
cfn=(150) _dl_relocate_object
calls=3 158 
* 97087
+4 10
+1 2
cfi=(21)
cfn=(172) _dl_add_to_slotinfo
calls=1 864 
* 24
+2 4
+2 8
+1 1
+2 7
+6 1
-6 1
+6 1
+9 4
+2 1
+5 2
cfi=(21)
cfn=(174) _dl_allocate_tls_init
calls=1 444 
* 130
+4 2
+11 4
+29 1
cfi=(5)
cfn=(176)
calls=1 252 
* 1
+4 3
+20 3
cfi=(20)
cfn=(66)
calls=1 52 
* 9
+1 1
-1 1
+2 1
cfi=(20)
cfn=(70)
calls=1 77 
* 1
+1 1
+4 1
cfi=(31)
cfn=(178)
calls=1 316 
* 15
+5 8
-50 1
+2 1
+1 1
-3 1
+3 3
-3 1
+3 1
cfi=(37)
cfn=(150)
calls=1 158 
* 8390
+1 1
+2 10
fi=(3)
132 8
fe=(2)
1438 4
-11 4
1799 9
+4 3
+1 1
+1 3
2256 1
+1 1
-3 2
1694 79
cfi=(14)
cfn=(38)
calls=1 56 
* 72
* 1
+3 4
+3 3
cfi=(13)
cfn=(64) strsep
calls=1 325 
* 1285
* 3
cfi=(13)
cfn=(64)
calls=1 325 
* 4
* 6
+1 4
+3 4
cfn=(72)
calls=1 802 
* 2259
* 2
+2 1
+2 12
1888 1
cfn=(142)
calls=1 782 
* 605
* 2

fn=(20)
2532 1
+8 2
-8 4
+23 1
-23 4
+8 1
-8 1
+8 2
-7 1
+6 2
fi=(94) /usr/src/debug/glibc-2.12-2-gc4ccff1/elf/../sysdeps/unix/sysv/linux/dl-librecon.h
32 1
fe=(2)
2539 1
-6 1
fi=(94)
32 2
fe=(2)
2542 2
cfi=(10)
cfn=(22)
calls=1 31 
* 126
* 4
cfi=(10)
cfn=(22)
calls=2 31 
* 264
* 9
+4 6
-4 2
+4 38
+1 19
-1 57
+9 12
2704 1
-4 1
+4 1
-4 1
+4 1
+30 2
+21 8
2629 17
-53 5
+7 12
+2 2
+1 1
+45 2
+1 1

fn=(76) _dl_initial_error_catch_tsd
796 8

fn=(42) rtld_lock_default_lock_recursive
836 4
+1 4

fn=(44) rtld_lock_default_unlock_recursive
842 4
+1 4

fl=(24)
fn=(84)
301 295
+1 118
cfi=(15)
cfn=(46)
calls=59 135 
* 420
* 118
+3 59
+2 118
+4 60
-4 120
+1 189
cfi=(15)
cfn=(46)
calls=63 135 
* 846
* 126
+6 3
-7 3
+7 65
-7 56
+7 168

fn=(120)
44 2
+3 1
-3 4
+3 1
-3 1
+3 1
cfi=(25)
cfn=(90)
calls=1 +35 
* 5
+1 1
-1 1
+1 2
+2 4
cfi=(26)
cfn=(96)
calls=1 -13 
* 10
* 2
+2 1
+3 1
-3 1
+3 1
+13 2
cfi=(25)
cfn=(106)
calls=1 +14 
* 5
+3 7
-14 7
cfi=(27)
cfn=(98) mmap
calls=1 +25 
* 6
* 2

fl=(35)
fn=(138) _dl_check_map_versions
180 36
+15 4
-15 8
+15 8
+2 4
+3 4
-3 4
+2 4
+1 4
+2 4
-3 4
+3 4
+3 6
+4 2
-4 2
+4 4
+10 8
+7 2
62 2
226 4
62 16
+1 5
-1 10
+2 21
cfi=(24)
cfn=(84)
calls=7 301 
* 496
* 14
234 6
+5 8
+20 4
-16 48
cfn=(140) match_symbol
calls=2 82 
* 321
* 12
cfn=(140)
calls=2 82 
* 312
* 20
+11 12
+9 8
69 2
277 8
+3 8
+10 40
-10 80
+6 60
-6 8
+6 6
+8 8
+87 36
-81 3
-1 9
cfi=(13)
cfn=(28)
calls=3 111 
* 117
* 3
+2 3
-2 3
+2 3
+11 3
+2 3
-5 3
+3 6
+2 3
+3 10
+4 6
+18 6
-15 4
+2 6
-2 4
+2 6
+2 24
+1 12
+1 12
+1 12
+3 12
+8 6
+10 6
+3 10
+20 40
-14 20
-2 20
+2 22
-2 2
+2 2
+5 40
+1 20
-1 100
+1 20
+1 20
-1 40
+4 68
269 6

fn=(136)
387 5
+4 1
-4 1
+4 1
-4 1
+4 3
+1 12
-1 4
+1 4
-1 8
+5 7
-3 16
cfn=(138)
calls=4 180 
* 2402
-1 16

fn=(140)
82 40
+9 4
-8 4
-1 12
+1 4
+8 4
+6 12
+18 8
+5 8
+14 34
+12 39
+4 26
-30 26
+19 24
cfi=(15)
cfn=(46)
calls=4 -4 
* 344
* 12
+34 4
+1 28

fl=(37)
fn=(150)
158 24
+10 8
-10 12
+14 4
-14 8
+14 4
+1 20
+6 8
+6 12
+4 8
+8 12
+45 4
fi=(7)
96 8
fe=(37)
242 8
fi=(7)
96 4
+39 6
fe=(37)
268 98
fi=(38) /usr/src/debug/glibc-2.12-2-gc4ccff1/elf/do-rel.h
57 2
+1 2
+1 2
fe=(37)
268 2
156 2
fi=(38)
-91 2
fe=(37)
+91 2
fi=(7)
295 2
fe=(37)
-27 2
fi=(7)
+27 2
fi=(38)
65 2
fe=(37)
268 2
fi=(38)
57 2
+1 2
+1 2
fe=(37)
268 2
156 2
fi=(38)
-91 2
fe=(37)
+91 2
fi=(7)
295 2
fe=(37)
-27 2
fi=(7)
+27 2
fi=(38)
65 2
+3 10
fi=(7)
476 2
-1 4
+4 4
-3 24
-1 48
+4 48
+2 78
+1 2
fi=(38)
68 78
fe=(37)
268 28
fi=(38)
59 4
fe=(37)
268 24
fi=(38)
65 4
fe=(37)
268 4
fi=(38)
57 4
+1 4
+7 4
+10 4
+2 4
-2 8
+1 4
+1 32
+14 3
-12 3
+12 7
-12 1
+12 2
+10 10
+10 9
+4 3
+2 3
-2 3
+2 3
fi=(7)
296 9
fi=(38)
119 6
+1 3
+2 6
-2 3
-1 3
fi=(7)
267 3
fi=(38)
119 3
fi=(7)
270 3
fi=(38)
119 3
+1 9
fi=(7)
270 3
fi=(38)
119 210
+1 105
+2 210
-2 105
-1 105
fi=(7)
267 105
fi=(38)
119 105
fi=(7)
270 105
fi=(38)
119 105
+1 315
fi=(7)
270 105
+18 216
+7 2272
fi=(38)
120 158
fi=(7)
295 237
fi=(38)
120 79
fi=(7)
295 355
fi=(38)
120 26
fi=(7)
295 39
fi=(38)
120 13
fi=(7)
295 1156
cfi=(4)
cfn=(156)
calls=92 724 
* 89691
* 368
+1 324
+4 106
-4 212
+4 106
-1 212
+10 216
fe=(37)
-38 12
+32 4
+3 8
+13 8
+1 4
cfn=(170) _dl_protect_relro
calls=2 +8 
* 48
* 2
+1 32
fi=(7)
135 4
-39 4
+6 4
+4 6
+13 2
-8 2
+8 4
+13 2
+3 2
-3 2
+3 6
fe=(37)
+50 12
+83 18
fi=(38)
117 13
fi=(7)
309 432
+85 91
fi=(38)
117 182
fi=(7)
394 91
fi=(38)
117 93
fi=(7)
377 30
+4 30
+5 20
fi=(38)
117 10
fi=(7)
386 20
fi=(38)
117 20
fi=(7)
327 2
+1 1
fi=(38)
117 1
fi=(7)
328 1
fi=(38)
117 2
fi=(7)
448 4
fi=(38)
117 2
fi=(7)
448 2
cob=(3)
cfi=(40)
cfn=(168)
calls=1 124 
* 6
cob=(3)
cfi=(40)
cfn=(164)
calls=1 106 
* 64
+1 2
fi=(38)
117 4
fi=(7)
430 12
+4 20
cfi=(14)
cfn=(38)
calls=4 56 
* 72
+2 20
295 26
fi=(38)
104 5
fi=(7)
467 3
fi=(38)
104 2
fi=(7)
467 1
fi=(38)
104 1
+7 3
+16 5
+1 2
+1 2
-1 1
fi=(7)
267 1
fi=(38)
128 1
fi=(7)
270 1
fi=(38)
128 3
fi=(7)
270 1
fi=(38)
128 8
+1 8
-1 4
fi=(7)
267 4
fi=(38)
128 4
fi=(7)
270 4
fi=(38)
128 12
fi=(7)
270 4
+18 10
+7 195
cfi=(4)
cfn=(156)
calls=5 724 
* 5249
* 20
+1 15
+4 1
-4 2
+4 1
-1 2
+10 30
108 2
+1 3
394 15
fi=(38)
127 16
fi=(7)
484 120
295 75
fe=(37)

fn=(170)
328 2
-2 4
+1 4
+1 6
+2 4
+2 4
+1 6
cfi=(27)
cfn=(100) mprotect
calls=2 82 
* 10
-1 4
+7 4

fl=(13)
fn=(36) __libc_memalign
53 88
+1 87
+11 63
+3 21
-3 21
+3 42
-3 3
+3 1
-3 1
+3 78
+4 12
+1 9
+6 21
cfi=(27)
cfn=(98)
calls=3 +3 
* 18
+2 6
+3 6
+1 6
-1 3
+1 6
+3 3
+1 3
+2 12
-3 19
+1 19
+2 76
-31 2
-1 5

fn=(64)
325 5
+1 10
+4 27
+5 6
-5 273
+5 368
+2 744
+8 93
-15 281
+18 2
+4 4
-13 2
+2 2
+7 1
+4 1

fn=(32)
95 21
+1 42
cfn=(36)
calls=21 -43 
* 581
* 21

fn=(28)
111 8
-3 8
+3 16
-3 8
+3 16
+4 16
cfn=(32)
calls=8 -20 
* 288
* 8

fl=(22)
fn=(74)
160 21
+9 3
+2 3
cfi=(2)
cfn=(76)
calls=3 796 
* 6
* 3
+1 3
+2 6
-2 3
+2 3
cfi=(23) /usr/src/debug////////glibc-2.12-2-gc4ccff1/setjmp/../sysdeps/x86_64/setjmp.S
cfn=(78) __sigsetjmp
calls=3 26 
* 57
+1 3
-1 3
+1 3
+2 6
+1 3
-1 3
+1 3
cfi=(29)
cfn=(112) openaux
calls=2 62 
* 5818
cfi=(2)
cfn=(80)
calls=1 628 
* 2175
+1 9
+1 3
+1 3
-1 3
+2 3
-1 3
+1 3
+10 12

fn=(132)
198 10
+1 1
cfi=(2)
cfn=(76)
calls=1 796 
* 2
+5 1
-1 1
-4 1
+9 1
+2 1
-3 1
+3 1
cfi=(2)
cfn=(134)
calls=1 660 
* 2491
+2 1
+1 1
+1 8

fl=(20)
fn=(70)
77 2

fn=(66)
52 8
+5 4
-5 4
+5 8
+5 2
-1 1
+1 3
+1 2
+4 4
-10 8
+4 1
-1 1
+1 4

fl=(18)
fn=(88) open_verify
1581 120
+36 10
-36 20
+36 38
+21 50
cfi=(25)
cfn=(90)
calls=10 82 
* 98
+1 10
-1 10
+1 10
+11 6
-1 2
+1 8
cfi=(25)
cfn=(92)
calls=2 82 
* 10
* 4
+7 6
-7 2
+7 2
+16 25
+2 2
-2 28
+60 4
+5 4
+2 6
+6 4
+7 2
+1 2
+1 2
-2 8
+1 6
+16 8
+15 4
-15 80
+1 27
+4 5
+1 3
+14 7
+2 3
+5 1
+1 1
-13 30
+16 2
+6 1
-3 1
+1 1
+1 1
+1 2
+1 1
-1 2
-3 1
+1 1
+1 4
-2 1
+3 2
+14 90
1673 6
cfi=(34)
cfn=(128)
calls=1 322 
* 89
* 4

fn=(86) expand_dynamic_string_token
317 8
+10 1
-10 1
+10 1
-10 1
+10 1
cfi=(19)
cfn=(60)
calls=1 26 
* 61
* 2
162 2
cfi=(8)
cfn=(14)
calls=1 29 
* 97
* 1
+1 2
cfi=(13)
cfn=(32)
calls=1 -68 
* 29
* 1
+2 2
+3 2
342 3
168 1
342 4
168 1
cfi=(14)
cfn=(38)
calls=1 56 
* 55

fn=(82)
1984 3
+11 3
-11 6
+11 3
-11 3
+11 3
-11 21
+11 3
-11 6
+11 6
+12 12
-12 18
+5 35
+3 21
cfi=(24)
cfn=(84)
calls=7 301 
* 478
* 14
2269 27
2027 2
-1 4
+10 2
-1 4
+26 4
-2 2
+2 2
cfi=(19)
cfn=(60)
calls=2 26 
* 53
* 4
2198 2
+1 4
cfn=(86)
calls=1 317 
* 276
+2 1
-3 1
+3 1
+4 9
cfn=(88)
calls=1 1581 
* 162
+3 1
-3 1
+3 1
+11 6
+3 4
+44 2
+1 14
-1 2
+1 6
cfn=(94) _dl_map_object_from_fd
calls=2 836 
* 3003
* 4
2026 4
+39 2
cfi=(8)
cfn=(14)
calls=1 29 
* 32
* 1
+2 1
-2 1
+2 1
+7 4
+35 3
+1 15
cfn=(114) open_path
calls=1 1835 
* 1477
+6 1
-6 1
+6 1
+76 2
-76 2
610 3
2123 4
+6 2
cfi=(31)
cfn=(118)
calls=1 186 
* 1689
+2 1
-2 1
+2 1
+4 3
+9 2
+28 9
cfn=(88)
calls=1 1581 
* 339
+3 1
-3 1
+3 1
+1 2
-93 1
-5 2
+5 1
+3 2
-3 1
+3 2
-3 1
+3 10
-3 3
610 3
2084 3
+14 5
+2 3
-2 2
610 3
2008 6
-1 12
+4 2
+2 2
-2 4
+2 6
cfi=(15)
cfn=(46)
calls=2 135 
* 21
* 6

fn=(62) fillin_rpath
387 16
+4 3
cfi=(13)
cfn=(64)
calls=1 -66 
* 286
* 6
cfi=(13)
cfn=(64)
calls=2 -66 
* 244
* 9
+3 4
cfi=(8)
cfn=(14)
calls=2 29 
* 89
+4 2
-4 2
+4 2
+15 4
+29 21
+1 10
-38 8
+5 6
+51 6
+3 8
cfi=(13)
cfn=(32)
calls=2 95 
* 58
* 2
+3 2
-3 2
+3 2
+4 2
+2 6
-2 4
+2 2
cfi=(14)
cfn=(58)
calls=2 56 
* 58
* 2
+3 2
-2 4
+2 2
+1 1
+5 2
+1 1
-1 2
+1 2
-1 2
+1 1
-1 2
+1 26
+1 1
-1 3
+1 1
-1 20
-98 2
+98 3
+1 11
-1 6
+4 2
-1 4
+1 2
+7 4
+1 2
+3 6
+5 1
+3 9
-14 4
-9 3

fn=(94)
836 24
+11 2
-11 2
+11 2
-11 2
+11 2
cfi=(20)
cfn=(66)
calls=2 52 
* 18
+4 6
-4 2
+4 2
cfi=(26)
cfn=(96)
calls=2 37 
* 20
* 4
+11 14
+1 6
-1 15
+1 20
+17 4
+25 4
+10 4
+22 10
+35 14
cfi=(11)
cfn=(24)
calls=2 62 
* 1001
+1 2
-1 2
+1 2
-54 2
+65 2
-65 2
+65 2
+1 2
+4 2
-4 2
+1 4
+2 8
+1 6
+1 4
+22 2
+8 2
-25 2
+17 2
+8 4
-8 8
+8 4
-8 2
+8 4
-8 2
+8 4
+99 4
-47 2
+47 6
-47 2
+47 6
-98 24
+6 6
+1 8
-8 120
+1 85
+70 3
+4 1
+1 2
+1 3
+4 2
+3 2
+7 2
-3 2
+6 1
cfi=(21)
cfn=(130) _dl_next_tls_modid
calls=1 53 
* 6
* 3
+1 1
+58 3
+1 3
-5 4
+1 2
1038 20
+6 8
+1 4
-1 16
+7 12
+11 4
+1 4
-1 4
+1 4
-1 8
+1 4
+1 28
+2 12
+1 12
+1 12
+4 4
-4 4
+4 10
+5 18
+11 2
-11 18
+11 2
-56 3
+1 1
+67 4
+78 8
985 2
1191 4
985 2
1191 8
+2 2
-2 2
+2 2
+19 16
cfi=(27)
cfn=(98)
calls=2 82 
* 12
+4 2
-4 2
+4 4
+7 6
+1 2
+2 2
-2 2
+2 2
+10 4
+35 12
+3 4
+7 16
+6 2
+2 2
-2 2
+1 2
+2 4
-1 8
+8 4
+3 4
+11 16
cfi=(28) /usr/src/debug////////glibc-2.12-2-gc4ccff1/string/../sysdeps/x86_64/memset.S
cfn=(102) memset
calls=2 44 
* 141
+1 12
+5 4
+15 4
-73 20
+4 4
-2 4
+2 20
cfi=(27)
cfn=(98)
calls=2 82 
* 12
-2 4
+11 4
+2 2
-2 2
+2 2
+2 3
-2 3
+2 2
+1 1
-1 2
+1 4
-3 2
+5 4
+57 2
-77 2
+77 4
+9 2
fi=(3)
113 2
fe=(18)
1345 2
fi=(3)
113 2
+6 2
-2 2
+2 4
+7 2
+5 2
+3 2
+1 2
-3 2
-5 4
-1 48
+1 27
+10 9
-18 27
+18 3
-18 9
+2 88
+8 32
+8 32
-18 96
+25 6
+20 4
+1 4
+1 4
+1 4
+2 4
+5 4
+1 3
+1 3
+35 6
+5 1
+2 1
-2 2
+2 1
+2 2
+2 2
+1 1
+2 6
+2 4
+2 4
+1 1
+2 4
fe=(18)
1351 6
+16 6
+19 4
+2 10
+51 6
+1 2
+3 2
cfi=(25)
cfn=(106)
calls=1 82 
* 5
* 2
cfi=(25)
cfn=(106)
calls=1 82 
* 5
* 4
+8 4
+3 4
+2 2
-2 2
+2 2
+16 4
cfi=(4)
cfn=(6)
calls=2 873 
* 38
+4 8
+18 4
+4 2
+5 2
-5 2
+1 4
+4 2
+6 6
cfi=(11)
cfn=(40)
calls=2 33 
* 84
+5 2
-1 4
+20 18
1232 14
cfi=(27)
cfn=(100)
calls=2 82 
* 10
* 2
1495 2
1321 8
cfi=(27)
cfn=(98)
calls=1 82 
* 6
+3 2
fi=(3)
128 12
+3 12
+1 8
+2 4
+1 4
fe=(18)

fn=(54)
633 1
+15 2
-15 8
+15 3
cfi=(5)
cfn=(56)
calls=1 354 
* 328
+4 1
-4 1
+4 1
cfi=(13)
cfn=(32)
calls=1 95 
* 29
* 1
+2 1
-2 2
+2 1
+7 5
+4 4
cfi=(13)
cfn=(32)
calls=1 95 
* 29
* 1
* 1
+3 3
+29 1
-22 2
+22 3
-2 2
-21 1
+1 1
+22 3
-8 1
-4 1
-2 2
+11 1
-6 1
-3 1
+1 1
+3 1
+1 1
+4 1
-5 1
-4 1
-2 2
+11 1
-6 1
-3 1
+1 1
+3 1
+1 1
+4 27
+1 2
-1 6
+1 2
-1 24
+1 4
-1 12
+3 10
+7 1
+4 1
-5 1
+6 2
+4 3
+32 4
+8 3
cfi=(19)
cfn=(60)
calls=1 26 
* 43
* 2
+2 2
cfi=(8)
cfn=(14)
calls=1 29 
* 57
* 8
cfi=(14)
cfn=(38)
calls=1 56 
* 31
* 1
+17 6
+2 1
+1 2
+1 1
-4 3
+2 26
+1 52
+1 26
-4 79
+7 1
cfi=(13)
cfn=(32)
calls=1 95 
* 29
* 1
+2 1
-2 1
+2 1
+6 7
cfn=(62)
calls=1 387 
* 997
+4 3
+6 1
+4 8
-72 1
-2 1
+2 2
+11 2

fn=(114)
1835 8
+1 1
-1 5
+7 1
-7 1
+1 1
+6 2
+5 4
+52 2
-52 1
+52 1
-52 7
+75 3
-63 6
+7 8
cfi=(14)
cfn=(58)
calls=2 56 
* 58
+1 2
-1 2
+1 14
+20 16
-20 38
+3 16
+4 48
cfi=(14)
cfn=(58)
calls=8 56 
* 170
* 32
cfi=(14)
cfn=(58)
calls=8 56 
* 184
* 8
-1 8
+7 16
+3 56
cfn=(88)
calls=8 1581 
* 376
* 8
+2 24
+67 2
-41 2
+41 10
+7 2
-2 2
+2 10
-67 16
+1 48
+79 8
-80 16
+7 16
+3 8
-3 8
+3 24
cfi=(30)
cfn=(116)
calls=8 37 
* 98
-1 16
+1 4
-1 4
+3 12
+7 24
+65 9
-14 3
+10 2
-66 6

fl=(42) /usr/src/debug/glibc-2.12-2-gc4ccff1/elf/dl-init.c
fn=(184) _dl_init
93 11
+5 1
-4 1
+1 1
+3 2
+7 2
+27 2
+1 10
+1 4
-1 4
+1 8
-97 12
+9 3
-3 6
+3 9
+5 6
+5 2
+8 2
+6 6
cob=(3)
cfi=(44)
cfn=(210)
calls=1 -18 
* 2134
+4 1
+1 2
+65 8
-89 2
-5 4
-9 3
+9 1
-3 2
+3 3
+5 3
+5 2
+8 2
+6 7
cob=(2) ???
cfi=(12) ???
cfn=(186) 0x0000000004801490
calls=1 -70 
* 40
* 1
+4 1
+1 2
+26 2

fl=(90)
fn=(572) _dl_sort_fini
34 9
+2 1
-2 3
+2 1
+5 1
+1 1
-1 2
+1 1
+1 1
-1 5
+1 3
cfi=(28)
cfn=(102)
calls=1 +1 
* 18
+15 4
+24 4
+38 4
+3 16
cfi=(28)
cfn=(102)
calls=2 -79 
* 34
* 4
-80 2
+4 2
+1 2
-1 2
+1 2
+4 6
-5 1
+1 1
-1 1
+1 1
+4 9
+6 3
+1 8
+2 8
+1 4
-1 4
+1 4
+3 6
-1 9
+31 9
+21 3
-57 6
+61 8
+3 1
+4 8

fn=(570)
133 11
+22 9
+3 2
cfi=(2)
cfn=(42)
calls=1 836 
* 2
+3 1
+3 2
+2 5
-2 2
+13 5
+16 4
+2 8
+4 8
+1 4
+5 4
-4 4
-2 4
-6 13
+19 4
cfn=(572)
calls=1 34 
* 222
+9 2
cfi=(2)
cfn=(44)
calls=1 842 
* 2
+4 6
+2 2
+2 3
-2 6
+2 9
+3 8
+3 12
+4 2
+7 6
+4 4
+2 3
+1 4
+1 4
cob=(3)
cfi=(49)
cfn=(614)
calls=1 19 
* 6
-1 4
+5 9
+1 6
cob=(2)
cfi=(12)
cfn=(584) 0x0000000004801798
calls=1 0 
* 1210
cob=(2)
cfi=(12)
cfn=(574) 0x0000000000401da8
calls=1 0 
* 22
+5 20
-39 4
+55 4
-55 12
-70 2
+70 1
-70 1
285 6
+6 2
+7 8
-63 6
+4 4
-60 2
+3 8

fl=(21)
fn=(130)
53 3
+48 2
+4 1

fn=(172)
864 6
+6 1
+3 2
+5 3
+42 1
-1 3
+1 2
+1 6

fn=(146)
350 1
+13 1
-13 2
+2 1
+11 2
cfi=(13)
cfn=(36)
calls=1 53 
* 50
* 1
+1 1
-1 1
+1 1
+7 1
+4 307
-58 1
+1 1
-1 1
+1 2
cfi=(13)
cfn=(28)
calls=1 111 
* 39
* 1
+1 2
+3 1
+6 2
+64 5

fn=(174)
444 7
+1 1
-1 1
+1 1
+4 1
+6 3
+12 4
+5 6
+6 8
+27 3
+8 3
+1 3
+1 6
cfi=(14)
cfn=(58)
calls=1 56 
* 23
* 4
cfi=(28)
cfn=(102)
calls=1 44 
* 27
* 3
-43 3
+6 4
+3 1
+1 2
+7 1
+2 1
-2 2
+2 2
+38 1
+3 9

fn=(68)
112 2
+1 3

fn=(144)
134 1
+11 1
-11 3
+45 8
+5 2
+4 2
-4 3
+2 2
+2 3
+12 2
+4 5
+3 2
-1 2
+10 1
-37 2
+37 1
-37 3
+41 1
-1 1
+52 1
-51 1
+52 4
-52 3
+52 1

fl=(1) ???
fn=(0) 0x0000003b46800b00
0 2
cfi=(2)
cfn=(2)
calls=1 365 
0 124804
0 14
cfi=(42)
cfn=(184)
calls=1 93 
0 2312
0 3
cob=(5)
cfi=(52)
cfn=(234) 0x0000000000400c30
calls=1 0 
0 54639

fl=(27)
fn=(98)
82 45
+1 9

fn=(180)
82 4
+1 1

fn=(100)
82 16
+1 4

fl=(8)
fn=(14)
29 13
+1 13
+1 13
+1 13
+2 4
+1 4
+2 4
+1 4
-1 3
+1 3
+1 6
+1 6
+1 6
+2 24
+5 12
+1 12
+1 12
+1 12
+3 12
-6 6
+1 6
+1 6
+1 6
+3 6
+1 14
+1 14
+1 14
+2 14
+3 14
+1 14
+1 14
+1 14
+3 14
+1 13
+1 13
+1 13
+2 13
+3 9
+1 9
+1 9
+1 9
+3 9
+1 7
+1 7
+1 7
+2 7
+3 7
+1 7
+1 7
+1 7
+3 7
+1 7
+1 7
+1 7
+2 8
+3 1
+2 1
+1 1
-3 11
+2 11
+1 11
+1 10
+2 10
+1 10
+1 8
+2 8
+1 8
+1 8
+2 8
+1 8
+1 3
+2 3
+2 3
+1 3
+1 2
+2 2
+1 2
+1 1
+2 1
+1 1
+3 13
+1 13

fl=(17) /usr/src/debug////////glibc-2.12-2-gc4ccff1/posix/../sysdeps/unix/syscall-template.S
fn=(52) uname
82 4
+1 1

fl=(29)
fn=(112)
62 4
+7 2
-4 22
cfi=(18)
cfn=(82)
calls=2 1984 
* 5784
* 2
+5 4

fn=(110)
149 1
+1 1
-1 2
+1 1
-1 2
+1 1
-1 1
+1 2
-1 4
+1 1
-1 1
+1 2
+16 1
-16 1
+14 1
+1 1
+1 1
+6 3
+10 1
-10 1
+10 1
-36 5
+20 1
-2 1
+19 1
-17 1
+6 1
-6 1
-2 1
+2 1
-2 1
+1 1
+1 1
+6 3
+10 1
-10 1
+10 5
+19 1
-15 1
+18 1
338 3
186 2
338 1
201 2
+2 1
+1 1
338 4
208 1
+5 1
+4 2
-9 3
+5 3
+4 6
+2 2
+3 8
+10 2
-8 2
+7 2
-7 2
+8 2
+3 2
-5 2
+1 2
-7 2
+5 2
+6 14
+50 4
+1 3
-51 204
+1 102
+6 10
cfi=(19)
cfn=(60)
calls=2 26 
* 68
* 6
+5 10
-3 2
+3 2
cfi=(22)
cfn=(74)
calls=2 -87 
* 5932
+2 6
+15 2
+2 4
+5 2
+6 2
+2 2
-8 4
+5 2
-2 2
+1 2
+2 2
+4 12
-59 8
+13 2
466 8
+2 6
+2 6
cfi=(13)
cfn=(32)
calls=2 95 
* 58
* 2
+2 2
-2 2
+2 2
+4 8
-1 2
+2 2
-1 4
cfi=(14)
cfn=(38)
calls=2 56 
* 41
+1 8
cfi=(14)
cfn=(38)
calls=2 56 
* 41
+4 2
-1 2
+5 24
+2 4
+1 26
217 14
+1 3
-1 6
+2 14
488 3
+4 4
+1 2
+3 5
+11 4
cfi=(13)
cfn=(32)
calls=1 95 
* 29
* 1
+2 1
-2 1
+2 1
+5 2
+1 1
-1 1
+1 1
-1 1
+1 1
-1 1
+1 5
+8 5
+4 2
-10 3
+6 15
+4 6
-10 10
+13 2
+53 4
+43 1
-5 1
+6 2
-1 6
+1 3
cfi=(28)
cfn=(102)
calls=1 44 
* 18
* 1
+25 2
-25 1
+25 1
-25 1
+25 1
-21 2
+7 1
-6 2
+6 1
-7 4
+7 2
-6 4
+6 6
+2 8
+1 4
-1 4
+1 4
+3 6
-1 9
+23 3
-28 6
+31 11
+3 16
cfi=(28)
cfn=(102)
calls=2 44 
* 34
* 4
-45 4
+45 1
+7 2
+2 1
+1 1
-1 1
+9 2
+3 2
+3 8
288 196
619 8
cfi=(14)
cfn=(38)
calls=1 56 
* 28
+2 3

fl=(54)
fn=(244)
73 14
+6 28
-6 14
+6 14
-6 42
+6 14
+1 14
-4 14
+5 14
-2 14
-3 14
+4 14
+1 14
-1 56
+10 28
+4 42
+5 78
+1 39
+8 56
+7 28
+3 140
cfi=(4)
cfn=(156)
calls=14 724 
* 14775
* 14
+4 42
+4 56
+6 98
+8 14
+7 56
+4 42
fi=(7)
+85 14
fe=(54)
-81 84
-55 2

fl=(16)
fn=(50)
67 4
+2 3
+85 5
-45 3
cfi=(17)
cfn=(52)
calls=1 -27 
* 5
* 3
+12 2
+10 12
+4 3
-2 9
+2 10
+3 4
-3 4
+7 3
-1 3
+2 3
+2 14
+5 2

fl=(23)
fn=(78)
26 3
+2 3
+1 6
+1 3
+4 3
+1 3
+1 3
+1 3
+1 3
+2 6
+2 3
+1 3
+2 6
+2 3
+4 3
+1 3

fl=(11)
fn=(24)
62 27
+2 3
-2 12
+2 3
cfi=(8)
cfn=(14)
calls=3 -35 
* 139
+6 3
-6 3
+7 6
+6 12
cfi=(13)
cfn=(28)
calls=3 +34 
* 148
* 3
+3 3
-3 3
+3 6
+4 3
+5 3
-6 3
+4 3
+2 3
-5 3
+3 3
+2 6
cfi=(14)
cfn=(38)
calls=3 -33 
* 96
+2 3
-2 3
+5 3
-1 3
-2 3
+3 12
+3 3
-3 3
+3 3
+9 3
-7 3
+4 3
+3 3
-46 5
+48 2
-2 2
+2 30
-2 30
+18 6
-6 3
+6 3
-5 3
+5 3
-6 3
+6 12
+2 8
+3 7
+4 6
+4 12
+8 1
+6 1
-3 2
+3 4
-3 4
+3 4
+2 4
cfi=(8)
cfn=(14)
calls=2 29 
* 131
* 2
+4 2
-4 2
+4 2
+64 2
+7 27
70 6
+1 24
+66 4
-39 6
223 6
-86 1
-4 1
+4 2
+24 4
cfi=(13)
cfn=(32)
calls=2 -66 
* 58
* 2
+1 2
-1 2
+1 6
+45 6
cfi=(14)
cfn=(58)
calls=2 56 
* 80
* 2
+6 80
-1 40
+1 42
-1 2
+1 2
+2 4
+3 4

fn=(40)
33 12
+2 3
-2 3
+2 3
cfi=(2)
cfn=(42)
calls=3 836 
* 6
+2 20
+3 20
+2 2
+2 2
+4 2
+4 2
-4 4
+1 4
+3 2
-2 2
+3 6
-1 2
cfi=(2)
cfn=(44)
calls=2 842 
* 4
-4 1
+4 1
-4 2
+1 2
+3 1
-2 1
+3 3
-1 1
cfi=(2)
cfn=(44)
calls=1 842 
* 2
-5 2

fl=(28)
fn=(102)
44 9
+1 9
+1 9
+4 9
+1 9
+1 9
+1 9
+2 9
+1 9
+2 8
+5 8
+1 8
+1 8
+1 8
+1 8
329 1
+1 1
+1 1
+1 1
+1 1
+1 1
+1 1
+1 1
+1 1
+1 1
+1 1
+1 1
-8 1
+1 1
+1 1
+1 1
+1 1
+1 1
+1 1
+1 1
+1 1
-2 3
+1 3
+1 3
-1 2
+1 2
+76 2
+1 2
+87 1
+1 1
+1 1
+1 1
+1 1
+1 1
+1 1
+5 1
+1 1
+1 1
+1 1
+1 1
+36 1
+1 1
+37 1
1214 1
+1 2
+4 1
+1 1
+1 2
+5 1
+2 1
+1 1
+1 1
+1 1
+1 1
+1 1
+1 1
+1 1
+1 1
+1 1
+1 1
+1 1
+1 1
+1 1
+1 1
+1 1
+2 1
+2 1
-21 3
+2 3
+1 3
+1 3
+1 3
+1 3
+1 3
+1 3
+1 3
+1 3
+1 3
+1 3
+1 3
+1 3
+1 3
+1 3
+1 3
+2 3
+2 3
+3 1
+1 1
+6 1
+1 1
+1 1
+1 1
+1 1

ob=(4) /usr/sup/valgrind-3.10.1/lib/valgrind/vgpreload_core-amd64-linux.so
fl=(43) ???
fn=(606) 0x0000000000000500
0 9

fn=(188) 0x00000000000004e0
0 6

fn=(586) 0x0000000000000570
0 10
cob=(3)
cfi=(91)
cfn=(598)
calls=1 31 
0 55
cob=(1)
cfi=(53)
cfn=(242)
calls=1 30 
0 1113
0 5
0 9
cfn=(606)
calls=1 0 
0 9
0 5

fn=(204) 0x0000000000000760
0 12

fn=(194) 0x00000000000005f0
0 16

ob=(6)
fl=(65)
fn=(328)
176 2
+1 2
+1 2

ob=(5)
fl=(52)
fn=(320) 0x0000000000401cc0
0 3
cob=(3)
cfi=(64)
cfn=(326)
calls=1 29 
0 12
cob=(1)
cfi=(53)
cfn=(242)
calls=1 30 
0 1298
0 5

fn=(234)
0 11
cob=(3)
cfi=(55)
cfn=(248)
calls=1 96 
0 53158
cob=(1)
cfi=(53)
cfn=(242)
calls=1 30 
0 1465
0 5

fn=(286)
0 19
cob=(3)
cfi=(60)
cfn=(292)
calls=1 36 
0 403
cob=(1)
cfi=(53)
cfn=(242)
calls=1 30 
0 1133
0 5
0 8
cob=(3)
cfi=(62)
cfn=(304)
calls=1 65 
0 521
cob=(1)
cfi=(53)
cfn=(242)
calls=1 30 
0 1171
0 5
0 15
cfn=(320)
calls=1 0 
0 1318
0 1
cob=(3)
cfi=(66)
cfn=(336)
calls=1 55 
0 64
cob=(1)
cfi=(53)
cfn=(242)
calls=1 30 
0 972
0 5
0 7
cob=(3)
cfi=(68)
cfn=(352)
calls=1 34 
0 157
cob=(1)
cfi=(53)
cfn=(242)
calls=1 30 
0 1025
0 5
0 4
cob=(3)
cfi=(68)
cfn=(352)
calls=1 34 
0 157
0 1
0 4
cfn=(364) 0x0000000000401c00
calls=1 0 
0 1062
0 5
cob=(3)
cfi=(68)
cfn=(352)
calls=1 34 
0 157
0 1
0 3
cob=(3)
cfi=(68)
cfn=(352)
calls=1 34 
0 157
0 1
0 1198
cob=(3)
cfi=(84)
cfn=(466)
calls=99 29 
0 17424
cob=(1)
cfi=(53)
cfn=(242)
calls=1 30 
0 1172
0 103
0 222
cob=(3)
cfi=(83)
cfn=(452)
calls=111 37 
0 3885
cob=(1)
cfi=(53)
cfn=(242)
calls=1 30 
0 1017
0 115
0 225
cob=(3)
cfi=(84)
cfn=(466)
calls=1 29 
0 176
0 1
0 2
cob=(3)
cfi=(83)
cfn=(452)
calls=1 37 
0 35
0 1
0 4
cob=(3)
cfi=(88)
cfn=(550)
calls=1 36 
0 54
cob=(1)
cfi=(53)
cfn=(242)
calls=1 30 
0 1115
0 5
0 125
cob=(3)
cfi=(74)
cfn=(406)
calls=6 28 
0 4998
0 6
0 16
cob=(3)
cfi=(74)
cfn=(406)
calls=2 28 
0 1622
0 2
0 12
cob=(3)
cfi=(74)
cfn=(406)
calls=2 28 
0 2585
cob=(1)
cfi=(53)
cfn=(242)
calls=1 30 
0 1365
0 6
0 8
cfn=(492) 0x0000000000400d50
calls=1 0 
0 1282
0 30
cfn=(492)
calls=1 0 
0 16
0 4
cfn=(492)
calls=1 0 
0 16
0 21
cob=(3)
cfi=(74)
cfn=(406)
calls=1 28 
0 947
0 1
0 37
cob=(3)
cfi=(74)
cfn=(406)
calls=1 28 
0 1714
0 1
0 3
cob=(3)
cfi=(89)
cfn=(568)
calls=1 99 
0 1910
cob=(1)
cfi=(53)
cfn=(242)
calls=1 30 
0 1088
0 5

fn=(364)
0 14
cob=(3)
cfi=(72)
cfn=(370)
calls=1 34 
0 11
cob=(1)
cfi=(53)
cfn=(242)
calls=1 30 
0 996
0 5
0 5
cob=(3)
cfi=(64)
cfn=(326)
calls=1 29 
0 12
0 1
0 18

fn=(254)
0 15
cob=(2)
cfi=(12)
cfn=(256) 0x0000000000400a88
calls=1 0 
0 29
0 10

fn=(576) 0x0000000000400c80
0 18

fn=(264) 0x0000000000400cf0
0 6

fn=(258) 0x0000000000400c5c
0 6

fn=(270) 0x0000000000401d70
0 11

fn=(492)
0 16
cob=(3)
cfi=(87)
cfn=(500)
calls=1 35 
0 6
cob=(1)
cfi=(53)
cfn=(242)
calls=1 30 
0 1252
0 5
0 35

ob=(2)
fl=(12)
fn=(186)
0 2
cob=(4)
cfi=(43)
cfn=(188)
calls=1 0 
0 6
0 1
cob=(4)
cfi=(43)
cfn=(194)
calls=1 0 
0 16
0 1
cob=(4)
cfi=(43)
cfn=(204)
calls=1 0 
0 12
0 2

fn=(256)
0 2
cob=(5)
cfi=(52)
cfn=(258)
calls=1 0 
0 6
0 1
cob=(5)
cfi=(52)
cfn=(264)
calls=1 0 
0 6
0 1
cob=(5)
cfi=(52)
cfn=(270)
calls=1 0 
0 11
0 2

fn=(584)
0 2
cob=(4)
cfi=(43)
cfn=(586)
calls=1 0 
0 1206
0 2

fn=(574)
0 2
cob=(5)
cfi=(52)
cfn=(576)
calls=1 0 
0 18
0 2

totals: 181774
